%YAML:1.0
---
calibration_Time: "Thu Aug 10 10:39:20 2017"
nrOfFrames: 32
image_Width: 1024
image_Height: 768
board_Width: 7
board_Height: 7
square_Size: 2.7000000000000000e-02
Camera_Matrix: !!opencv-matrix
   rows: 3
   cols: 3
   dt: d
   data: [ 6.3297940822261864e+02, 0., 5.0624148078975287e+02, 0.,
       6.3300945385244381e+02, 3.6075652061076886e+02, 0., 0., 1. ]
Distortion_Coefficients: !!opencv-matrix
   rows: 5
   cols: 1
   dt: d
   data: [ -1.5569430005580977e-02, 5.5281734169760476e-02,
       -1.0006703999623735e-04, 8.8527907573480004e-04,
       -1.0531958588246901e-01 ]
Avg_Reprojection_Error: 1.4035932866276910e-01
Per_View_Reprojection_Errors: !!opencv-matrix
   rows: 32
   cols: 1
   dt: f
   data: [ 2.25345194e-01, 1.76980421e-01, 9.69526693e-02,
       1.06972203e-01, 1.44874766e-01, 6.68912083e-02, 1.18401788e-01,
       7.69281462e-02, 1.30016342e-01, 6.18533865e-02, 8.26965272e-02,
       6.83105588e-02, 7.68209547e-02, 1.22736774e-01, 7.69996345e-02,
       8.66210237e-02, 8.09941366e-02, 7.67590925e-02, 6.70579076e-02,
       6.31724596e-02, 3.30596030e-01, 9.53588858e-02, 1.49749547e-01,
       1.11561939e-01, 7.04492629e-02, 3.81715417e-01, 9.69582126e-02,
       8.85213837e-02, 6.82911649e-02, 7.28964657e-02, 2.35275045e-01,
       8.94930512e-02 ]
# a set of 6-tuples (rotation vector + translation vector) for each view
Extrinsic_Parameters: !!opencv-matrix
   rows: 32
   cols: 6
   dt: d
   data: [ -1.5774913177776362e-01, 1.1070217354562155e-01,
       -1.4365073216095497e-01, -2.1106578758368366e-01,
       -5.7401042200935774e-02, 4.4355417811706704e-01,
       2.9445437592307298e-02, -1.7584661318914480e-01,
       4.3379445602184347e-02, -1.8324309563702318e-01,
       -8.0846293632318822e-02, 3.8896432733272823e-01,
       1.5668100819793326e-01, -4.8778962585095570e-01,
       1.4410072926787684e-01, -1.6050410238830071e-01,
       -8.5860705364178252e-02, 3.4687589816147624e-01,
       2.0481677623991007e-01, -6.9136206188221205e-01,
       2.2411779893240569e-01, -1.3790003662369277e-01,
       -8.5890084531200284e-02, 3.3324827757991810e-01,
       2.6371668408089188e-01, -8.7418757879838371e-01,
       2.8419247997132357e-01, -1.1378934632303356e-01,
       -8.1995367444741757e-02, 3.1945130268688748e-01,
       1.4115773831888079e-01, -5.2040311775052150e-01,
       1.6702648811486345e-01, -1.6349196012497449e-01,
       -8.7799668849365381e-02, 3.5587931498917658e-01,
       3.4780298648683050e-01, -3.5224560251346160e-01,
       2.6050642139577190e-01, -1.4214825348888976e-01,
       -8.3671410660939582e-02, 3.3218081329758453e-01,
       4.3839310630757827e-01, -2.2864395976810994e-01,
       3.0138081963646435e-01, -1.3786590577606039e-01,
       -7.9733393943851996e-02, 3.2300967002633607e-01,
       6.0701152616041143e-01, -2.2295558091690737e-01,
       3.8284989483784365e-01, -1.1571057942813677e-01,
       -6.4237474412160558e-02, 2.8511912224325953e-01,
       5.1634425636133841e-01, 5.7057430908094064e-02,
       3.3055446223806761e-01, -1.2943085626688486e-01,
       -7.5150682111789463e-02, 3.1302689917175236e-01,
       2.5420347448714564e-01, 2.3153837170616967e-01,
       2.2166660315074774e-01, -1.1878353895727692e-01,
       -7.9618987839433789e-02, 3.7181827298443626e-01,
       1.5494697422501894e-01, 3.8438058268764563e-01,
       1.9691489300104875e-01, -1.1002627769289570e-01,
       -7.6060115875076134e-02, 4.0529386606977463e-01,
       1.2056504531510252e-01, 4.8384517421639267e-01,
       1.5984266632620189e-01, -1.1463485703268134e-01,
       -7.5067254947166831e-02, 4.2085618496889882e-01,
       9.2989672411877847e-02, 5.3349999097769607e-01,
       1.4166817782157182e-01, -1.1520577507708717e-01,
       -7.4077574144457287e-02, 4.2953873480143051e-01,
       4.4193347886605408e-02, 6.1148143959769574e-01,
       1.1785896183785101e-01, -1.1407826749640844e-01,
       -7.2252458957105054e-02, 4.4438952624644262e-01,
       -5.4989658425934765e-03, 6.7516249995110100e-01,
       9.5154055398523896e-02, -1.1775377856082474e-01,
       -7.4231970097983102e-02, 4.5733407948305693e-01,
       -4.4899453247161034e-02, 7.2849115187160396e-01,
       6.7233688498120239e-02, -1.1929533724982758e-01,
       -7.2174789377051823e-02, 4.6855986912581532e-01,
       9.1919682437306166e-02, 5.0932940924025560e-01,
       1.5519884955044330e-01, -1.3081739600152550e-01,
       -8.6872083625387772e-02, 4.2309766074205596e-01,
       4.5494922650350283e-01, 1.6733984113818273e-01,
       2.5548209692887436e-01, -1.3203412089451694e-01,
       -7.7515604078348690e-02, 3.2939761388971528e-01,
       4.3449459242821659e-01, 1.6952938290953765e-01,
       2.5163258294381974e-01, -1.3229357296258693e-01,
       -7.8568377089708194e-02, 3.3536134072703216e-01,
       2.2333395143222354e-03, -1.0480539676237079e-01,
       4.3359466940565618e-02, -1.5340129088282770e-01,
       -7.0405602801821676e-02, 3.6232250013936351e-01,
       -2.7615150507041641e-01, -1.6073661560048391e-01,
       1.1113561363875485e-01, -1.4794300643414626e-01,
       -6.8435830413302895e-02, 3.9994394102875747e-01,
       -6.9152512344449923e-01, 1.5167085549646359e-01,
       2.1037454994567517e-01, -1.0521609863888370e-01,
       -1.8516816804559057e-02, 5.0839675367572501e-01,
       -8.7808897201537428e-01, 2.1675537054883570e-01,
       1.5964344124798902e-01, -1.1006540840214653e-01,
       1.1722703419683450e-02, 5.3452747085074803e-01,
       -2.5559336633681934e-01, 2.5353283169259244e-01,
       1.9138030362113964e-01, -1.2528943401261300e-01,
       -6.9204050985914797e-02, 4.3210014839985128e-01,
       -8.1872736648396782e-03, 1.9681521633614571e-01,
       3.8528191688830637e-01, -9.0143626613800709e-02,
       -8.6563824059678371e-02, 3.7335831912290507e-01,
       3.5557180228948987e-01, -7.6677201821158503e-01,
       3.1651279290483597e-01, -1.1884161082648642e-01,
       -7.9803031353268106e-02, 2.6543676021818624e-01,
       2.8517576884993491e-02, 5.3989468786691608e-01,
       3.0558282372833800e-01, -1.0207163149143011e-01,
       -8.8376760513306299e-02, 4.0424741465513198e-01,
       2.0175854435862764e-01, 4.8682630960399181e-01,
       3.8831850100381682e-01, -1.0220376382849725e-01,
       -9.3052311733727688e-02, 3.7405462714343940e-01,
       4.5928827633949093e-01, 2.3852301519885258e-01,
       5.2186105144377892e-01, -9.7750958164421101e-02,
       -8.2780637861701950e-02, 3.0803309774531384e-01,
       4.8457671867516489e-01, 1.4276631813132418e-01,
       5.3924715915481414e-01, -9.4014312517690712e-02,
       -8.0203632911191175e-02, 3.0126537991512348e-01,
       6.4405718241215204e-01, -9.0698597118756122e-02,
       5.8314855637647167e-01, -8.7350765911061640e-02,
       -6.0476873989778926e-02, 2.6514061403213812e-01 ]
