%YAML:1.0
---
calibration_Time: "Wed Aug  2 11:08:37 2017"
nrOfFrames: 30
image_Width: 1024
image_Height: 768
board_Width: 7
board_Height: 5
square_Size: 40
Camera_Matrix: !!opencv-matrix
   rows: 3
   cols: 3
   dt: d
   data: [ 6.3381623622836491e+02, 0., 5.1198451817727653e+02, 0.,
       6.1329891383264282e+02, 3.8344587806726452e+02, 0., 0., 1. ]
Distortion_Coefficients: !!opencv-matrix
   rows: 5
   cols: 1
   dt: d
   data: [ 5.6004759189406984e-02, -7.5920976930055242e-02,
       5.2371069303871103e-03, 9.1280841832103044e-03,
       1.4315032184640033e-02 ]
Avg_Reprojection_Error: 1.6763453066222289e+00
Per_View_Reprojection_Errors: !!opencv-matrix
   rows: 30
   cols: 1
   dt: f
   data: [ 1.59874725e+00, 1.50649333e+00, 1.35421062e+00,
       1.37842917e+00, 2.52698255e+00, 2.51039720e+00, 1.90963256e+00,
       1.83060837e+00, 1.14897990e+00, 1.30615747e+00, 1.75603366e+00,
       1.35198152e+00, 9.86661613e-01, 1.05163014e+00, 1.32587099e+00,
       1.33237386e+00, 1.06522787e+00, 2.04761052e+00, 2.29998875e+00,
       2.14163065e+00, 2.27876997e+00, 1.70986426e+00, 1.94923615e+00,
       1.48493195e+00, 1.15302467e+00, 1.26863766e+00, 1.40021646e+00,
       1.65201938e+00, 1.76311803e+00, 1.56412935e+00 ]
# a set of 6-tuples (rotation vector + translation vector) for each view
Extrinsic_Parameters: !!opencv-matrix
   rows: 30
   cols: 6
   dt: d
   data: [ -1.1345436495784098e-01, 1.3098066559542576e+00,
       -2.7498369355490087e+00, -2.7928823950369209e+08,
       -4.1274238240155655e+08, 1.0352431732003708e+09,
       -1.0901273251627130e-01, 1.2633840377861403e+00,
       -2.7691376374149850e+00, -2.8117453663648093e+08,
       -4.0938329774661088e+08, 1.0301760717648089e+09,
       -5.4712887964686918e-01, 1.0172966617642873e+00,
       -2.8008361913612045e+00, -3.6067329849139881e+08,
       -4.3115216384924573e+08, 1.0260032510737352e+09,
       -1.7038689932382453e-01, 1.1875722815274008e+00,
       -2.8762464522602285e+00, -3.9704715267011946e+08,
       -3.8872082576294160e+08, 9.5935566819312656e+08,
       8.7398075193086444e-01, 3.6124473723512218e-01,
       4.0650104589821816e-02, 1.5235902772011873e+08,
       1.2386068091136502e+08, 9.0061508092293930e+08,
       8.9915946074263020e-01, 1.5257146945369399e-01,
       -8.7684507637074457e-02, 1.5597923507654735e+08,
       2.0302830309086345e+07, 9.5302175771879315e+08,
       6.4638709572486253e-01, 1.2983428139280984e+00,
       -2.6620810799630465e+00, -3.6019874362423432e+08,
       -2.1516267657073453e+08, 7.4407911557625389e+08,
       9.1470089833691803e-01, 1.1819313701780467e+00,
       -2.7040146162189762e+00, -3.4244619942360443e+08,
       -2.0098615080749452e+08, 6.5633820373274446e+08,
       1.6509990577368280e-01, 1.1120396826026020e+00,
       -2.8574159402555552e+00, -4.5678602671205932e+08,
       -2.6982144758068472e+08, 7.1346461646885788e+08,
       -2.5943356404515955e-01, 1.0317433299465784e+00,
       -2.8911016040076332e+00, -5.0601870124700445e+08,
       -2.9511973026600409e+08, 7.6059101958029568e+08,
       6.1349619031482606e-03, 1.2923350350672060e+00,
       -2.7656415694442247e+00, -4.9248552908995533e+08,
       -2.4841035660869187e+08, 6.6376368772552645e+08,
       1.3218788114129229e-01, 8.3256372795558775e-01,
       -2.9395737032855211e+00, -5.2251530025336432e+08,
       -3.3897000429006946e+08, 7.5938089849736643e+08,
       2.5245689769099278e-01, 8.8646309440063586e-01,
       -2.8851300060350211e+00, -5.1078314761766911e+08,
       -3.2332509808435589e+08, 8.0795220607640886e+08,
       5.1264850022608910e-01, 8.6241688997746635e-01,
       -2.9213044481733990e+00, -4.5951096491324484e+08,
       -2.5488717557795334e+08, 7.1250450507197237e+08,
       7.0555061821969267e-01, 8.6431539903296817e-01,
       -2.9082629403108138e+00, -4.2065887074541909e+08,
       -2.2773467208861050e+08, 6.5348283714511001e+08,
       8.5189129432766231e-01, 8.3444706118488376e-01,
       -2.9033056052504245e+00, -3.6155132719178796e+08,
       -2.2619251773209766e+08, 6.3443826326652026e+08,
       3.6603198565179540e-01, 8.6001659369177152e-01,
       -2.9293911484371304e+00, -4.2296168373740560e+08,
       -2.5295355235921127e+08, 6.7800800273630142e+08,
       -2.6405527682039986e-01, 8.8700637151506456e-01,
       -2.8861075828313982e+00, -4.9937800100073075e+08,
       -2.8981979101520151e+08, 7.3239069905587971e+08,
       -4.3808748303116141e-01, 8.6378731994155877e-01,
       -2.8477335143590468e+00, -5.1688260648135209e+08,
       -3.1154298724623585e+08, 7.6194253437329733e+08,
       -5.4373703076283619e-01, 8.7098062203040205e-01,
       -2.8513405606047932e+00, -5.2110326333159059e+08,
       -3.2758481349801689e+08, 8.2293910185244739e+08,
       -6.7927360097864964e-01, 8.5737494392055125e-01,
       -2.8232948032940315e+00, -4.9911717046644723e+08,
       -3.5406358985235727e+08, 8.5997315377213073e+08,
       -5.8213546759903578e-01, 9.5436954656336370e-01,
       -2.7535564405457169e+00, -4.8915242489254755e+08,
       -3.4726565759357798e+08, 9.1189487340437329e+08,
       -5.1252134399919147e-01, 9.9961286098080504e-01,
       -2.7055455460465048e+00, -4.7466681402923560e+08,
       -2.2394437377786031e+08, 8.7837178724023366e+08,
       -1.4724154046727880e-01, 8.4663951076782407e-01,
       -2.9009931772357289e+00, -4.7383155599774677e+08,
       -2.3294672506560212e+08, 7.6521309306535339e+08,
       1.4068317282036516e-01, 8.1491369974693462e-01,
       -2.9799769336727451e+00, -4.6292629478155327e+08,
       -2.1357758085899138e+08, 7.2375435443524110e+08,
       -4.3102085294244730e-01, -8.1454121755975650e-01,
       3.0003689475210589e+00, -4.2141004079273140e+08,
       -1.8986193857880661e+08, 6.7959249669326210e+08,
       -6.2227576198262324e-01, -8.0027652549622375e-01,
       2.9367871507095180e+00, -3.8243912076196504e+08,
       -1.8141491677677467e+08, 6.7603615237802184e+08,
       -7.5186880501884978e-01, -8.2134525584022955e-01,
       2.8902846450594990e+00, -3.4560356816096324e+08,
       -1.6262291099037203e+08, 6.3095561724161255e+08,
       5.5068377193687301e-01, -6.5039036562365149e-01,
       -1.0509797459227860e-01, 1.5217060145640072e+08,
       5.2021372294421017e+07, 1.1539059306112404e+09,
       -6.3427334931508661e-01, -8.5081476998297656e-01,
       2.9308124480120816e+00, -3.5974132679328370e+08,
       -1.8261888813771087e+08, 6.3371294642326963e+08 ]
