%YAML:1.0
calibration_Time: "Mon Jul 31 16:22:53 2017"
nrOfFrames: 24
image_Width: 1024
image_Height: 768
board_Width: 7
board_Height: 5
square_Size: 40
Camera_Matrix: !!opencv-matrix
   rows: 3
   cols: 3
   dt: d
   data: [ 6.4863212109750907e+002, 0., 5.1150961305118079e+002, 0.,
       6.3128132550502323e+002, 3.8366124238032074e+002, 0., 0., 1. ]
Distortion_Coefficients: !!opencv-matrix
   rows: 5
   cols: 1
   dt: d
   data: [ 3.5915476384253985e-003, 6.4901145839285149e-002,
       6.5445610171724154e-003, 4.4077120018310694e-003,
       -1.0870221616842801e-001 ]
Avg_Reprojection_Error: 2.3851644321311349e+000
Per_View_Reprojection_Errors: !!opencv-matrix
   rows: 24
   cols: 1
   dt: f
   data: [ 8.51924717e-001, 1.11435533e+000, 1.25867307e+000,
       1.35499930e+000, 1.63505244e+000, 1.77099955e+000,
       1.89443684e+000, 1.80634046e+000, 1.58975017e+000,
       3.25553107e+000, 3.10017776e+000, 1.68121469e+000,
       1.61125851e+000, 1.54499054e+000, 1.55014646e+000,
       7.52516210e-001, 5.54685652e-001, 5.71225882e-001,
       5.84274292e-001, 1.11071563e+000, 9.32390630e-001,
       8.78123951e+000, 1.71956015e+000, 1.35113907e+000 ]
# a set of 6-tuples (rotation vector + translation vector) for each view
Extrinsic_Parameters: !!opencv-matrix
   rows: 24
   cols: 6
   dt: d
   data: [ -6.7290307514659975e-002, 6.7027527829030520e-001,
       -2.9041018652688817e+000, -3.6202771950553209e+008,
       -3.4530908559647447e+008, 8.3061633878574347e+008,
       2.1350026547262316e-001, 7.0956847600286233e-001,
       -2.9116170316766277e+000, -3.6842529062803417e+008,
       -3.1455022817347091e+008, 7.4483545783011889e+008,
       5.0842975828715364e-001, 6.7048883387057345e-001,
       -2.9130814705319459e+000, -3.7001024388027769e+008,
       -2.9827893681178302e+008, 7.0277746011979687e+008,
       5.8438723973172868e-001, 6.9726439072656665e-001,
       -2.9939450018091240e+000, -4.2007157179490191e+008,
       -2.6686645032145885e+008, 6.7739184903650141e+008,
       -9.8199077249392197e-001, -6.5429136023617540e-001,
       2.8809527984014172e+000, -3.7828073133500534e+008,
       -2.3323164631580144e+008, 5.9264078011333454e+008,
       -1.0962154353132834e+000, -6.7846433924643046e-001,
       2.8270924471974164e+000, -3.5191443639082140e+008,
       -2.0529749665757853e+008, 5.2200165742714864e+008,
       -1.0788476116043477e+000, -7.1709174369397433e-001,
       2.8356464259484042e+000, -2.6514467819847262e+008,
       -2.0196981707653236e+008, 5.2438956348649400e+008,
       8.5042846628760027e-001, 9.7609742331086824e-001,
       -2.8152975856582727e+000, -2.7034347668276590e+008,
       -2.0985963053474042e+008, 5.3633562333635473e+008,
       5.9908862523052286e-001, 1.1664961682255512e+000,
       -2.7744195450840174e+000, -3.0537708872725838e+008,
       -2.4871672187656561e+008, 6.1965703676395202e+008,
       -2.5755847232815471e-001, 1.4061393169039123e+000,
       -2.7652699895144610e+000, -4.7579936491305602e+008,
       -3.1174979966116303e+008, 7.4204394063168442e+008,
       -6.4259780506581154e-001, 1.2672161041275352e+000,
       -2.7852491337505723e+000, -4.8081231569611979e+008,
       -3.4807979944233042e+008, 8.5868094241208959e+008,
       -2.1564606677372875e-001, 6.5631991153384805e-001,
       -2.9782926837134136e+000, -4.3244012998036009e+008,
       -2.9767114162405515e+008, 7.5189324571543217e+008,
       -2.0069298189986862e-001, 5.0454495512604125e-001,
       -3.0019042419446964e+000, -4.3578882127204621e+008,
       -2.9258589445812398e+008, 7.3602927324034894e+008,
       -2.0761368054202572e-001, 3.7954136798647181e-001,
       -3.0130351900114749e+000, -4.3658628336475700e+008,
       -2.8924179306060177e+008, 7.2173673634441423e+008,
       -2.0350962798905101e-001, 3.4202571942758958e-001,
       -3.0149890911088733e+000, -4.3860462274932194e+008,
       -2.8569226819201177e+008, 6.9932005827191937e+008,
       -4.5481968552338867e-002, 4.5377718261983113e-001,
       -2.9980931867793954e+000, -3.9583725712342888e+008,
       -3.7903343685061079e+008, 9.2842566526974225e+008,
       4.2024120713271378e-002, 4.7931342095302870e-001,
       -3.0243951814991950e+000, -3.8703420287705672e+008,
       -4.1889035120316094e+008, 1.0556372885238887e+009,
       1.7581623126547410e-001, 5.4581624802102735e-001,
       -3.0075656567246218e+000, -3.6119596600536960e+008,
       -4.7102797377904797e+008, 1.1801630836414006e+009,
       3.6227701144195934e-001, 5.6112499284663897e-001,
       -2.9994592366782205e+000, -3.3577249725877988e+008,
       -5.1406032836148024e+008, 1.2898534139483497e+009,
       7.4033539370136026e-001, 1.0217023473247915e+000,
       -2.7619647099172360e+000, -2.9588110846089691e+008,
       -4.8411547496202803e+008, 1.2030879706873860e+009,
       3.9481452272665046e-001, 1.3538323746227396e+000,
       -2.7081305517385732e+000, -3.2011639747680461e+008,
       -5.1133558603516859e+008, 1.3121994097385004e+009,
       4.2104120741913958e-001, 1.7185810602159579e+000,
       -2.5278556041813482e+000, -3.1801103539926469e+008,
       -4.4955373090392929e+008, 1.1464405506213942e+009,
       7.1688009805152553e-001, 9.5178774401625721e-001,
       -2.8714590065227608e+000, -2.5536673007908234e+008,
       -3.0457729516003036e+008, 8.0047145145996809e+008,
       5.7731002005524092e-002, 9.2143705786647112e-001,
       -2.9444254983209786e+000, -3.1991621421508092e+008,
       -3.3486833366699630e+008, 8.6922597645980096e+008 ]
