%YAML:1.0
---
calibration_Time: "Wed Aug  2 11:08:40 2017"
nrOfFrames: 30
image_Width: 1024
image_Height: 768
board_Width: 7
board_Height: 5
square_Size: 40
Camera_Matrix: !!opencv-matrix
   rows: 3
   cols: 3
   dt: d
   data: [ 6.2092360843742597e+02, 0., 5.1185546905071095e+02, 0.,
       6.1237909006668986e+02, 3.8381806713655936e+02, 0., 0., 1. ]
Distortion_Coefficients: !!opencv-matrix
   rows: 5
   cols: 1
   dt: d
   data: [ 9.9845122669158098e-02, -4.0585179584368763e-01,
       8.7041417710121056e-04, 1.5028842659911147e-03,
       4.0643843890349357e-01 ]
Avg_Reprojection_Error: 1.4322812530688744e+00
Per_View_Reprojection_Errors: !!opencv-matrix
   rows: 30
   cols: 1
   dt: f
   data: [ 1.62261498e+00, 1.48622799e+00, 1.20517635e+00,
       1.23650503e+00, 2.49960661e+00, 2.30833483e+00, 1.58223045e+00,
       1.52684784e+00, 9.25769567e-01, 1.02599931e+00, 1.54785359e+00,
       1.06825399e+00, 9.54369307e-01, 8.88173223e-01, 1.11482668e+00,
       1.24405444e+00, 9.75796461e-01, 1.56783199e+00, 1.61011851e+00,
       1.54859316e+00, 1.81714702e+00, 1.34164143e+00, 1.60524344e+00,
       1.26706886e+00, 1.03921032e+00, 1.11714852e+00, 1.18969417e+00,
       1.34987962e+00, 1.55102646e+00, 1.30967712e+00 ]
# a set of 6-tuples (rotation vector + translation vector) for each view
Extrinsic_Parameters: !!opencv-matrix
   rows: 30
   cols: 6
   dt: d
   data: [ -1.6383180426223887e-01, 1.3934301725904685e+00,
       -2.7556676925547534e+00, -8.5252586283518687e+07,
       -4.3324773136819142e+08, 1.0060034969154356e+09,
       -1.6389198334334634e-01, 1.3493329427740441e+00,
       -2.7753894946323734e+00, -8.7613912404086187e+07,
       -4.2975052899673057e+08, 1.0014129038847044e+09,
       7.4022170980750646e-01, 4.0101502141785889e-01,
       7.9811501227109449e-02, 4.5313482701897371e+08,
       1.4113123874236317e+06, 1.0819618944174151e+09,
       8.3898582293690449e-01, 1.5214737755377733e-01,
       -1.8209088370724914e-02, 4.6231363620600206e+08,
       -9.0965529221175268e+07, 1.1678991257684586e+09,
       9.2812309628833434e-01, 3.8937607824181902e-01,
       -5.3834676365229601e-04, 3.5020225444365448e+08,
       8.5090280882612407e+07, 8.8798066843204153e+08,
       9.4886086734067843e-01, 1.8358873824529939e-01,
       -1.3093957624642652e-01, 3.5278529107916641e+08,
       -1.8784459702479456e+07, 9.3056438256402194e+08,
       5.9023347094303324e-01, 1.3647432430271422e+00,
       -2.6958047480009411e+00, -1.8052491606788057e+08,
       -2.3202162214816937e+08, 7.3443371531806421e+08,
       8.5172968809791594e-01, 1.2451435304554090e+00,
       -2.7479085308442319e+00, -1.6753421896669680e+08,
       -2.1572759233162448e+08, 6.4909802978533208e+08,
       1.0770427363246809e-01, 1.1979049858461184e+00,
       -2.8684607548424634e+00, -2.7846416568454957e+08,
       -2.7991992692558295e+08, 7.0428321414960515e+08,
       7.3822272632858088e-01, 2.0799416229934087e-01,
       2.5001575534360082e-02, 3.2495120580871922e+08,
       7.3912126757869378e+07, 9.2474024749752235e+08,
       -4.4111192907688758e-02, 1.3763199877728871e+00,
       -2.7722905759387659e+00, -3.1694718432860947e+08,
       -2.5669653149254662e+08, 6.5876611482531512e+08,
       6.9771137495176022e-02, 9.2481342295712010e-01,
       -2.9506053549446873e+00, -3.4395709239680982e+08,
       -3.5069315190258163e+08, 7.5011321030599737e+08,
       1.9144603545401143e-01, 9.7155409182936092e-01,
       -2.9014552384217525e+00, -3.2805186804367471e+08,
       -3.3608250018537205e+08, 7.9579471037749052e+08,
       4.4608706135565035e-01, 9.4286395160668046e-01,
       -2.9467748535809211e+00, -2.8027802637768924e+08,
       -2.6693316253261995e+08, 7.0457159696401262e+08,
       -6.4316340508035696e-01, -9.2678217489527515e-01,
       2.9190952034068025e+00, -2.4279010604375532e+08,
       -2.3857280981768280e+08, 6.4552081283226347e+08,
       -7.6047631089597012e-01, -8.8363291003683475e-01,
       2.8790237555690625e+00, -1.8675738774046713e+08,
       -2.3949574259297946e+08, 6.2764625800038671e+08,
       3.0196689390630616e-01, 9.4481356405226224e-01,
       -2.9495887246486148e+00, -2.4571362237030578e+08,
       -2.6412687872031856e+08, 6.6895323730943966e+08,
       -3.2191948998875902e-01, 9.7688421743608456e-01,
       -2.8892854309658844e+00, -3.2333223864182907e+08,
       -3.0155548278576809e+08, 7.2645872373399389e+08,
       -4.8278783507220535e-01, 9.5527694705598898e-01,
       -2.8467579984100437e+00, -3.4166246714536899e+08,
       -3.2174831790136439e+08, 7.6164922409251392e+08,
       -5.9279176230827224e-01, 9.6144038827027922e-01,
       -2.8474899847763013e+00, -3.4340502507704878e+08,
       -3.4150172770330501e+08, 8.1792339323637283e+08,
       6.3365479996507112e-01, 4.9147181180213478e-01,
       8.4459483282239511e-02, 2.7863819035812134e+08,
       1.1996183244861148e+08, 8.4134736698970819e+08,
       -6.3102357513669338e-01, 1.0428249505137848e+00,
       -2.7478981674654159e+00, -3.0622643560516495e+08,
       -3.6353639840100986e+08, 9.0576693682934093e+08,
       -5.6067078494977252e-01, 1.0833274451355153e+00,
       -2.7052051900151035e+00, -2.9138755658363622e+08,
       -2.4048181153542668e+08, 8.7827617914815426e+08,
       -2.0333532943019084e-01, 9.3022966317972489e-01,
       -2.9092092866656660e+00, -2.9364943448029917e+08,
       -2.4687763085950863e+08, 7.6194430881256497e+08,
       7.9145922114128645e-02, 9.0225497224334128e-01,
       -2.9945884357493555e+00, -2.8325216408947003e+08,
       -2.2583884897423172e+08, 7.1842793354953051e+08,
       5.7284887253153116e-01, -2.3700297890290950e-01,
       -3.8706650271030679e-02, 3.7311888148547137e+08,
       9.3013165620355442e+07, 1.0406601070798757e+09,
       5.7658002184171475e-01, -3.5662687539646548e-01,
       -7.0414722803687560e-02, 3.8556946433178002e+08,
       6.2075886824142329e+07, 1.0988639838284116e+09,
       5.8227023535514044e-01, -4.4374168919491747e-01,
       -8.4350016333661265e-02, 3.9218885545432043e+08,
       5.3672410534118876e+07, 1.1071471426558607e+09,
       5.8399991291828557e-01, -5.9088035577274356e-01,
       -1.4615914359793861e-01, 3.6083775726025558e+08,
       9.1238943380037174e+06, 1.1294448642959723e+09,
       5.9738330181232580e-01, -3.6558920616680896e-01,
       -6.3702866984663625e-02, 3.9811353569161648e+08,
       5.4225078972382881e+07, 1.0743735928148646e+09 ]
