%YAML:1.0
---
calibration_Time: "Thu Aug 10 10:39:34 2017"
nrOfFrames: 32
image_Width: 1024
image_Height: 768
board_Width: 7
board_Height: 7
square_Size: 2.7000000000000000e-02
Camera_Matrix: !!opencv-matrix
   rows: 3
   cols: 3
   dt: d
   data: [ 6.3197806906879339e+02, 0., 4.9072121076135875e+02, 0.,
       6.3235522648641768e+02, 3.6616182128020205e+02, 0., 0., 1. ]
Distortion_Coefficients: !!opencv-matrix
   rows: 5
   cols: 1
   dt: d
   data: [ -2.3469100581218441e-02, 1.6784138292432671e-01,
       -1.1896193039230448e-03, -1.6064083080656702e-04,
       -3.8638121760623201e-01 ]
Avg_Reprojection_Error: 1.4002332777685983e-01
Per_View_Reprojection_Errors: !!opencv-matrix
   rows: 32
   cols: 1
   dt: f
   data: [ 2.49538228e-01, 1.31649449e-01, 9.25160572e-02,
       1.35576874e-01, 1.45188391e-01, 7.30745792e-02, 1.04196541e-01,
       7.92581141e-02, 1.56809717e-01, 7.56992251e-02, 7.27206096e-02,
       7.63388425e-02, 7.20611140e-02, 1.26883447e-01, 6.79372698e-02,
       7.11725876e-02, 7.90844485e-02, 6.27146363e-02, 6.47472516e-02,
       6.94245845e-02, 3.17173690e-01, 1.20337062e-01, 1.95946395e-01,
       1.07942984e-01, 1.06695563e-01, 3.41757804e-01, 1.11001097e-01,
       8.55569616e-02, 5.15160449e-02, 6.04171343e-02, 2.46460572e-01,
       7.55241811e-02 ]
# a set of 6-tuples (rotation vector + translation vector) for each view
Extrinsic_Parameters: !!opencv-matrix
   rows: 32
   cols: 6
   dt: d
   data: [ -1.6607039835353618e-01, 7.0471851080582987e-02,
       -1.2844963116101585e-01, -1.4696307444818732e-01,
       -5.9091158347026204e-02, 4.3644677627236461e-01,
       1.0452869130235975e-02, -2.1626302229006589e-01,
       5.3756962533835558e-02, -1.1907672459036646e-01,
       -8.2029557549446908e-02, 3.8425174955385533e-01,
       1.5090059062667321e-01, -5.2608898893297829e-01,
       1.6237454731381099e-01, -9.3659882670739561e-02,
       -8.7346508903872244e-02, 3.4089579873043557e-01,
       2.0190104815194021e-01, -7.3668331711963742e-01,
       2.4596163608106134e-01, -6.9726912155529105e-02,
       -8.6956960569252048e-02, 3.2761354566943057e-01,
       2.6045028370049816e-01, -9.1778617342736724e-01,
       3.0599091690177138e-01, -4.5331741557005603e-02,
       -8.2736397266452488e-02, 3.1485236794231075e-01,
       1.3729640894617332e-01, -5.5913963170421455e-01,
       1.8652017664044046e-01, -9.6473027425231631e-02,
       -8.9091053060231157e-02, 3.4952169176483511e-01,
       3.3876900589189723e-01, -3.8162113252802021e-01,
       2.8476376366594136e-01, -7.4033163520532186e-02,
       -8.4901754545309446e-02, 3.2748981432973706e-01,
       4.3264177607781984e-01, -2.6318797130708987e-01,
       3.2686995435349026e-01, -6.9444233847380341e-02,
       -8.0616936440724263e-02, 3.1702513597129978e-01,
       5.8065847787154212e-01, -2.6341038209059287e-01,
       4.0322439111059494e-01, -4.8347364003206508e-02,
       -6.7049446302367158e-02, 2.8411445985248179e-01,
       5.0226847084739346e-01, 2.3135764847971807e-02,
       3.5569580288224223e-01, -6.0639603108117411e-02,
       -7.6313199696827302e-02, 3.0840110126320142e-01,
       2.4146690506854332e-01, 1.9034912371262280e-01,
       2.4075160671236187e-01, -5.2446689447827072e-02,
       -8.0174076533338218e-02, 3.6739629558586767e-01,
       1.4267656218551014e-01, 3.4276150426158647e-01,
       2.1073196333559277e-01, -4.5942219979587161e-02,
       -7.6314329695242364e-02, 4.0093300023575634e-01,
       1.0720091612977041e-01, 4.4523266745441137e-01,
       1.7437297981904795e-01, -5.0693964536127921e-02,
       -7.5379465639903054e-02, 4.1653118678670392e-01,
       7.5655135926837480e-02, 5.0218820821344401e-01,
       1.5226983282469239e-01, -5.1503917467613992e-02,
       -7.3986340993685507e-02, 4.2673631790644390e-01,
       2.9356050351808730e-02, 5.7542791047895703e-01,
       1.3027844466746391e-01, -5.0767824351509998e-02,
       -7.2374892547048292e-02, 4.4061748996425387e-01,
       -1.8936558390841553e-02, 6.3518035719756394e-01,
       1.0525963165683576e-01, -5.5552454818685745e-02,
       -7.4343016990123370e-02, 4.5327109242880842e-01,
       -6.1119329282436852e-02, 6.8994500588418806e-01,
       7.7582800375501346e-02, -5.6979494424452770e-02,
       -7.2191544684107267e-02, 4.6468130251835138e-01,
       7.8264396281439233e-02, 4.6976663432449395e-01,
       1.6785286550497255e-01, -6.6933929299756015e-02,
       -8.7264500311261622e-02, 4.1857710751477889e-01,
       4.4678226572018881e-01, 1.3001912436094468e-01,
       2.7941834134166604e-01, -6.3952551447459399e-02,
       -7.8354140151745022e-02, 3.2347564779850452e-01,
       4.2635630274523639e-01, 1.3391539653260079e-01,
       2.7501966125203997e-01, -6.4576398709198138e-02,
       -7.9486842526705292e-02, 3.2899681446027262e-01,
       -1.9612595596034375e-02, -1.5325872553045536e-01,
       5.5615159226829053e-02, -8.8297047844866555e-02,
       -7.1937822447194891e-02, 3.5780293898002552e-01,
       -2.8076208977777278e-01, -2.0163644983207751e-01,
       1.1767640867538547e-01, -8.3487655335622329e-02,
       -6.9250117818468973e-02, 3.9355032891426722e-01,
       -6.9442585699455395e-01, 1.0109817883814264e-01,
       2.0268337203500525e-01, -4.7580457488653118e-02,
       -1.9385256380774107e-02, 5.0267987877188147e-01,
       -8.8758283334135546e-01, 1.7370407589329387e-01,
       1.5388497423649627e-01, -5.1845223738994160e-02,
       1.2178013178752908e-02, 5.2994472594849151e-01,
       -2.6903387903004689e-01, 2.1095215644089149e-01,
       1.9979626815069548e-01, -6.1649103657314040e-02,
       -6.9355618905762542e-02, 4.2831674971227851e-01,
       -2.2474089393850358e-02, 1.5698991349326508e-01,
       4.0491392748165184e-01, -2.2443400445710866e-02,
       -8.6880199589972229e-02, 3.7030220863408964e-01,
       3.4770537797359208e-01, -8.0328142508090961e-01,
       3.4064320878390975e-01, -4.8538727365474599e-02,
       -8.1270136380530114e-02, 2.6161790533222784e-01,
       1.5732556222258363e-02, 5.0157972732551648e-01,
       3.1430395873865619e-01, -3.7998432633178342e-02,
       -8.8683010289994743e-02, 3.9982789525893953e-01,
       1.8235408158367766e-01, 4.5000543909744883e-01,
       4.0457095660997194e-01, -3.6061772150519041e-02,
       -9.3524318519333752e-02, 3.7079817126438502e-01,
       4.3748560819403065e-01, 2.0366435453762960e-01,
       5.4441654670034056e-01, -2.8724758991131371e-02,
       -8.3674988533303518e-02, 3.0544191380614832e-01,
       4.7290719643598417e-01, 9.1323426809501604e-02,
       5.6662866567333514e-01, -2.4107948583087440e-02,
       -8.0093532699595529e-02, 2.9582204862430939e-01,
       6.2661443554158769e-01, -1.2335620806950090e-01,
       6.1012913644457401e-01, -1.7216895895702546e-02,
       -6.1377657640122311e-02, 2.6213720705506649e-01 ]
