%YAML:1.0
calibration_Time: "Mon Jul 31 16:22:55 2017"
nrOfFrames: 24
image_Width: 1024
image_Height: 768
board_Width: 7
board_Height: 5
square_Size: 40
Camera_Matrix: !!opencv-matrix
   rows: 3
   cols: 3
   dt: d
   data: [ 6.2758404443944983e+002, 0., 5.1089484097144373e+002, 0.,
       6.1871247555565003e+002, 3.8368051350774539e+002, 0., 0., 1. ]
Distortion_Coefficients: !!opencv-matrix
   rows: 5
   cols: 1
   dt: d
   data: [ 1.7233211145508184e-001, -6.0622519461541802e-001,
       1.2198358518201320e-002, 2.2289726457313031e-003,
       7.0244686600680473e-001 ]
Avg_Reprojection_Error: 2.3709767104631339e+000
Per_View_Reprojection_Errors: !!opencv-matrix
   rows: 24
   cols: 1
   dt: f
   data: [ 7.55436778e-001, 1.15596354e+000, 1.32135320e+000,
       1.47035599e+000, 2.04583073e+000, 1.95568526e+000,
       2.38745999e+000, 1.82795727e+000, 1.54784846e+000,
       3.35520816e+000, 2.37302637e+000, 1.39833200e+000,
       1.33139157e+000, 1.16771555e+000, 1.17561316e+000,
       6.88701749e-001, 6.19143546e-001, 6.25292301e-001,
       7.14913785e-001, 1.29701376e+000, 9.56054986e-001,
       8.76742554e+000, 1.86427629e+000, 1.26213217e+000 ]
# a set of 6-tuples (rotation vector + translation vector) for each view
Extrinsic_Parameters: !!opencv-matrix
   rows: 24
   cols: 6
   dt: d
   data: [ 2.8571204046109328e-004, 7.1628356202148002e-001,
       -2.9483687829903196e+000, -1.9055343452466959e+008,
       -3.2949052513818061e+008, 7.8500440129161382e+008,
       2.7663054551272853e-001, 7.3975082791191960e-001,
       -2.9535082759044413e+000, -1.9676203835283905e+008,
       -2.9924633289800411e+008, 7.0488449279769945e+008,
       5.8203948870246769e-001, 6.9619680003988882e-001,
       -2.9511665935700764e+000, -1.9544399931983316e+008,
       -2.8039427113928765e+008, 6.5928811914106143e+008,
       -6.3209617768609738e-001, -7.0947130002914627e-001,
       2.9517607901199492e+000, -2.4270142112732431e+008,
       -2.4703965615806943e+008, 6.3604867667982924e+008,
       -1.0062704234547333e+000, -6.4634870140151168e-001,
       2.8152247708715787e+000, -1.9820755912690717e+008,
       -2.1504540617558360e+008, 5.5647569407356966e+008,
       4.4797376654144583e-001, -7.5651772695326125e-001,
       -8.7623839473758847e-002, 2.6529763840939814e+008,
       4.5303018459699824e+007, 1.0861435936867039e+009,
       -1.0986878976726804e+000, -7.0701970912788703e-001,
       2.7703011254518701e+000, -8.3540274640511408e+007,
       -1.8992522580886510e+008, 4.9636659634815925e+008,
       -9.1510780958237714e-001, -9.8401384717710305e-001,
       2.8321973800003066e+000, -8.8235262801467851e+007,
       -1.9973134484015712e+008, 5.0754237056131363e+008,
       6.7154120487641178e-001, 1.1842131863881948e+000,
       -2.8028269313891716e+000, -1.2692630150073551e+008,
       -2.3704673395360178e+008, 5.8586806734293103e+008,
       1.6089962322550191e-001, -1.4625511456905638e+000,
       2.7647801438278488e+000, -2.9823186918235499e+008,
       -2.8573589089630884e+008, 6.8761149388187766e+008,
       8.7408906697184185e-001, 3.8289251962373833e-001,
       -2.3650766953302853e-002, 3.6648378942759919e+008,
       3.9420320628594220e+007, 9.0911737975221777e+008,
       -1.4740739947251100e-001, 7.1489918380405826e-001,
       -3.0231930978301294e+000, -2.6113757453892249e+008,
       -2.7808362727777636e+008, 7.0859424411860502e+008,
       -1.3836331575280902e-001, 5.6605974983614105e-001,
       -3.0497044168514171e+000, -2.6448702538522366e+008,
       -2.7329332131963992e+008, 6.9395844614457130e+008,
       -1.3973775122744383e-001, 4.5167172832011615e-001,
       -3.0635180672785629e+000, -2.6492076572985792e+008,
       -2.7052008139746535e+008, 6.8088266415443003e+008,
       -1.3257061971070080e-001, 3.9185662688300182e-001,
       -3.0690132139013997e+000, -2.6648153263465399e+008,
       -2.6649175470289090e+008, 6.5591625807483613e+008,
       1.5470339563940717e-002, 5.0416109869061998e-001,
       -3.0464951869661130e+000, -2.3182040409983847e+008,
       -3.6328511751130408e+008, 8.8039580465958166e+008,
       9.2478107159175149e-002, 5.2530493059285788e-001,
       -3.0709708646194089e+000, -2.2736431539434919e+008,
       -4.0504077390204054e+008, 1.0056872728675892e+009,
       2.2494559240315992e-001, 5.9379384701540450e-001,
       -3.0512327923359148e+000, -2.0605520651386303e+008,
       -4.5843335463716972e+008, 1.1256642658240609e+009,
       4.0545031831393824e-001, 6.0273745542700552e-001,
       -3.0412038679740618e+000, -1.8457792785402676e+008,
       -5.0436208710007340e+008, 1.2339440817048619e+009,
       7.8869837200212911e-001, 1.0408921786877585e+000,
       -2.7965690705440904e+000, -1.4315030800092050e+008,
       -4.7713608886418569e+008, 1.1529633975735662e+009,
       4.5133972385154242e-001, 1.3803568145244438e+000,
       -2.7355558058124645e+000, -1.7024504052938935e+008,
       -5.0505868929561299e+008, 1.2580330334862406e+009,
       -4.8542886047108152e-001, -1.7789313450215338e+000,
       2.5649956260178888e+000, -1.6669564380037519e+008,
       -4.3236875843905985e+008, 1.0702202825804986e+009,
       -7.7080570543064331e-001, -9.7367944347287072e-001,
       2.8667760009243017e+000, -8.4628145825134322e+007,
       -2.9680636660504270e+008, 7.6465998807225442e+008,
       1.3155359727218405e-001, 9.6689815428719639e-001,
       -2.9818928126663931e+000, -1.5157854573308390e+008,
       -3.2198104904282373e+008, 8.2578709366662586e+008 ]
