%YAML:1.0
---
Camera_Matrix: !!opencv-matrix
   rows: 3
   cols: 3
   dt: d
   data: [ 6.3381623622836491e+02, 0., 5.1198451817727653e+02, 0.,
       6.1329891383264282e+02, 3.8344587806726452e+02, 0., 0., 1. ]
Distortion_Coefficients: !!opencv-matrix
   rows: 5
   cols: 1
   dt: d
   data: [ 5.6004759189406984e-02, -7.5920976930055242e-02,
       5.2371069303871103e-03, 9.1280841832103044e-03,
       1.4315032184640033e-02 ]
F: !!opencv-matrix
   rows: 3
   cols: 3
   dt: d
   data: [ -8.3562447931159235e-07, 9.2148561007999803e-06,
       8.1839697434751477e-04, -7.3779264629944675e-07,
       -3.2416694390694834e-06, -6.2925325829399678e-02,
       -5.5611439837138614e-03, 6.0530708803563170e-02,
       9.9999999999999989e-01 ]
E: !!opencv-matrix
   rows: 3
   cols: 3
   dt: d
   data: [ -1.2190443712462366e+06, 1.3007856959990200e+07,
       9.0317215824900940e+06, -1.0615118878802508e+06,
       -4.5130287695801519e+06, -1.4652002290896815e+08,
       -1.4735981980785713e+07, 1.4550587214438504e+08,
       -5.1985504790067859e+06 ]
R: !!opencv-matrix
   rows: 3
   cols: 3
   dt: d
   data: [ 9.9614687779767241e-01, 3.8717006467277687e-02,
       7.8691748386740187e-02, -3.6413282823230059e-02,
       9.9887118675591502e-01, -3.0502870403707472e-02,
       -7.9783899929651889e-02, 2.7519914226659427e-02,
       9.9643222731552228e-01 ]
T: !!opencv-matrix
   rows: 3
   cols: 1
   dt: d
   data: [ 1.4603677937990898e+08, 9.4547336748711765e+06,
       -1.2762069493287794e+07 ]
