%YAML:1.0
Camera_Matrix: !!opencv-matrix
   rows: 3
   cols: 3
   dt: d
   data: [ 6.4863212109750907e+002, 0., 5.1150961305118079e+002, 0.,
       6.3128132550502323e+002, 3.8366124238032074e+002, 0., 0., 1. ]
Distortion_Coefficients: !!opencv-matrix
   rows: 5
   cols: 1
   dt: d
   data: [ 3.5915476384253985e-003, 6.4901145839285149e-002,
       6.5445610171724154e-003, 4.4077120018310694e-003,
       -1.0870221616842801e-001 ]
F: !!opencv-matrix
   rows: 3
   cols: 3
   dt: d
   data: [ -6.8258692066777465e-007, 1.2007904756311160e-005,
       -5.7725567996814932e-004, -1.3272682462626878e-005,
       -3.1509733886298389e-006, -5.6549990724397335e-002,
       -2.4017860730152110e-003, 5.8077117624955002e-002, 1. ]
E: !!opencv-matrix
   rows: 3
   cols: 3
   dt: d
   data: [ -1.4685739203792436e+006, 2.5143722465108313e+007,
       1.2208254091216508e+007, -2.8152277392274491e+007,
       -6.5046518193275928e+006, -2.1107615731319073e+008,
       -2.6887311956446473e+007, 2.1020893575098184e+008,
       -4.3974947690850934e+006 ]
R: !!opencv-matrix
   rows: 3
   cols: 3
   dt: d
   data: [ 9.9763604312862064e-001, 6.6562526053319013e-002,
       -1.7080854079060320e-002, -6.6928215867564159e-002,
       9.9751931314826459e-001, -2.1813615404125224e-002,
       1.5586512485275815e-002, 2.2905240047106732e-002,
       9.9961613162600105e-001 ]
T: !!opencv-matrix
   rows: 3
   cols: 1
   dt: d
   data: [ 2.1158291828630117e+008, 1.2756600781564742e+007,
       -2.4913331636244416e+007 ]
